P#,S#,ELTIME,TIME,A:CPM,A:%ERR,B:CPM,B:%ERR
20,1,1.2,1.00,378.3,5.14,12791.2,0.88
20,8,2.5,1.00,475.3,4.59,16083.4,0.79
20,15,3.8,1.00,138.3,8.50,4687.1,1.46
20,16,5.4,1.00,544.3,4.29,18460.9,0.74
20,22,6.7,1.00,622.3,4.01,21122.8,0.69
20,30,8.0,1.00,146.3,8.27,4973.5,1.42
20,31,9.4,1.00,529.3,4.35,18007.7,0.75
20,38,10.8,1.00,460.3,4.66,15684.4,0.80
20,45,12.1,1.00,225.3,6.66,7682.9,1.14
20,46,13.6,1.00,1060.3,3.07,36184.9,0.53
20,53,14.9,1.00,458.3,4.67,15664.6,0.80
20,60,16.2,1.00,205.3,6.98,7022.5,1.19
20,61,17.6,1.00,668.3,3.87,22877.6,0.66
20,66,18.9,1.00,571.3,4.18,19587.3,0.71
20,75,20.3,1.00,214.3,6.83,7353.1,1.17
20,76,21.8,1.00,289.3,5.88,9934.1,1.00
20,82,23.0,1.00,409.3,4.94,14076.5,0.84
20,90,24.4,1.00,142.3,8.38,4897.7,1.43
20,91,26.0,1.00,424.3,4.85,14626.2,0.83
20,98,27.3,1.00,475.3,4.59,16396.9,0.78
20,105,28.6,1.00,325.3,5.54,11230.8,0.94
20,106,30.1,1.00,497.3,4.48,17195.6,0.76
20,113,31.5,1.00,505.3,4.45,17485.7,0.76
20,120,32.8,1.00,163.3,7.83,5659.7,1.33
20,121,34.7,1.00,381.3,5.12,13225.3,0.87
20,127,36.0,1.00,463.3,4.65,16094.3,0.79
20,135,37.3,1.00,167.3,7.73,5816.2,1.31
20,136,38.8,1.00,891.3,3.35,31034.2,0.57
20,143,40.1,1.00,646.3,3.93,22520.9,0.67
20,150,41.5,1.00,201.3,7.05,7019.9,1.19
20,151,42.8,1.00,322.3,5.57,11256.9,0.94
20,158,44.2,1.00,457.3,4.68,15984.3,0.79
20,165,45.5,1.00,150.3,8.16,5257.6,1.38
20,166,47.0,1.00,618.3,4.02,21662.0,0.68
20,173,48.3,1.00,765.3,3.61,26832.8,0.61
20,180,49.7,1.00,289.3,5.88,10151.2,0.99
20,181,51.2,1.00,441.3,4.76,15508.7,0.80
20,188,52.5,1.00,472.3,4.60,16610.9,0.78
20,195,53.8,1.00,101.3,9.94,3568.3,1.67
