P#,S#,ELTIME,TIME,A:CPM,A:%ERR,B:CPM,B:%ERR
20,1,1.2,1.00,1590.3,2.51,1906.7,2.29
20,8,2.5,1.00,3214.3,1.76,3856.8,1.61
20,15,3.8,1.00,249.3,6.33,299.4,5.78
20,16,5.4,1.00,1989.3,2.24,2392.4,2.04
20,23,6.7,1.00,3162.3,1.78,3806.1,1.62
20,30,8.0,1.00,300.3,5.77,361.7,5.26
20,31,9.5,1.00,2327.3,2.07,2807.6,1.89
20,38,10.9,1.00,3331.3,1.73,4021.9,1.58
20,45,12.2,1.00,326.3,5.54,394.6,5.03
20,46,13.8,1.00,1823.3,2.34,2206.4,2.13
20,53,15.1,1.00,3217.3,1.76,3899.3,1.60
20,60,16.5,1.00,162.3,7.85,196.9,7.13
20,61,18.0,1.00,3149.3,1.78,3822.8,1.62
20,68,19.3,1.00,1968.3,2.25,2392.9,2.04
20,75,20.6,1.00,162.3,7.85,197.5,7.12
20,76,22.1,1.00,664.3,3.88,809.5,3.51
20,83,23.5,1.00,1948.3,2.27,2375.9,2.05
20,90,24.8,1.00,164.3,7.80,200.5,7.06
20,91,26.3,1.00,1941.3,2.27,2372.9,2.05
20,98,27.6,1.00,3511.3,1.69,4295.2,1.53
20,105,29.0,1.00,414.3,4.91,507.2,4.44
20,106,30.4,1.00,2324.3,2.07,2849.8,1.87
20,113,31.7,1.00,4005.3,1.58,4914.7,1.43
20,120,33.0,1.00,564.3,4.21,693.0,3.80
20,121,34.5,1.00,2114.3,2.17,2600.4,1.96
20,128,35.9,1.00,4437.3,1.50,5461.6,1.35
20,135,37.2,1.00,659.3,3.89,812.7,3.51
20,136,38.7,1.00,1595.3,2.50,1968.1,2.25
20,143,40.1,1.00,5590.3,1.34,6907.4,1.20
20,150,41.4,1.00,517.3,4.40,639.7,3.95
20,151,43.0,1.00,2301.3,2.08,2847.9,1.87
20,159,44.3,1.00,3207.3,1.77,3975.2,1.59
20,165,45.7,1.00,640.3,3.95,794.2,3.55
